  2.0000000e+000  4.1959252e+000  2.2646986e+000  3.1796232e+000  3.6440228e+000  1.1012815e+000  2.5561144e+000  2.7357630e+000  2.7157907e+000  3.7513661e+000  1.6848674e+000
  2.0000000e+000  4.0373037e+000  9.6780564e-001  2.0577427e+000  2.0915859e+000  3.5884703e+000  2.6067478e+000  2.5293043e+000  2.7927619e+000  2.7917888e+000  1.3490728e+000
  2.0000000e+000  2.5958257e+000  3.3361526e+000  3.0160546e+000  2.7733791e+000  3.0809110e+000  3.3604492e+000  2.7707365e+000  3.4144265e+000  2.1577044e+000  3.7673680e+000
  2.0000000e+000  3.1338051e+000  2.9266367e+000  4.2261924e+000  4.1132410e+000  3.3023249e+000  2.1553824e+000  2.3875998e+000  3.1312430e+000  2.9801001e+000  3.5870856e+000
  2.0000000e+000  3.6331786e+000  1.6552488e+000  2.8501637e+000  2.2878627e+000  1.7594324e+000  3.0455753e+000  2.9742127e+000  1.7331791e+000  3.3153659e+000  4.2271263e+000
  2.0000000e+000  3.2438163e+000  3.5571909e+000  3.8312196e+000  2.1317757e+000  3.1642928e+000  3.2712953e+000  5.2462328e+000  2.2193952e+000  3.1766012e+000  5.0186195e+000
  1.0000000e+000  2.0211954e+000  3.2587252e+000  2.8956502e+000  5.6585437e+000  3.0916611e+000  3.2059140e+000  1.2965094e+000  1.0592045e+000  3.7498564e+000  3.2823270e+000
  2.0000000e+000  3.2224298e+000  2.6720634e+000  2.8378947e+000  6.7279606e-001  4.0358010e+000  3.0762598e+000  4.1359466e+000  3.6266107e+000  4.4177848e+000  3.6715725e+000
  2.0000000e+000  8.5405323e-001  4.7619449e+000  3.1967480e+000  4.1979054e+000  3.1369510e+000  4.0619329e+000  7.9562756e-001  2.9520227e+000  3.4563872e+000  5.0976971e+000
  2.0000000e+000  2.0443763e+000  3.6169611e+000  4.6190388e+000  2.3375104e+000  3.4772071e+000  3.5896852e+000  3.0553151e+000  1.9842935e+000  4.3034249e+000  4.6227455e+000
  2.0000000e+000  2.7955176e+000  4.0767608e+000  2.0388877e+000  2.6704718e+000  5.1980850e+000  3.9271667e+000  2.6832486e+000  2.1610910e+000  3.5741312e+000  4.0324681e+000
  1.0000000e+000  2.2634621e+000  2.5571517e+000  3.6718449e+000  1.7170333e+000  1.9150948e+000  4.8851979e+000  2.9387910e+000  3.5079115e+000  3.5746416e+000  2.7313378e+000
  2.0000000e+000  1.8626580e+000  2.0877432e+000  3.6762251e+000  2.4488618e+000  3.1521136e+000  1.9688879e+000  2.5507916e+000  3.7491362e+000  2.8534099e+000  3.4921895e+000
  1.0000000e+000  2.4563685e+000  2.5769815e+000  1.7146803e+000  2.8922389e+000  3.6656008e+000  2.5011492e+000  3.2211029e+000  4.2807859e+000  3.0831349e+000  2.1660510e+000
  2.0000000e+000  2.5943541e+000  3.1486032e+000  4.5631565e+000  1.7199329e-001  3.7886748e+000  5.2412488e+000  5.3085179e+000  3.1710284e+000  1.9409109e+000  3.4815196e+000
  2.0000000e+000  3.2831726e+000  2.9838040e+000  3.7944355e+000  1.6122509e+000  4.4611517e+000  3.5904856e+000  3.8877135e+000  4.0758134e+000  2.4205775e+000  2.8278531e+000
  2.0000000e+000  3.0172499e+000  2.5668720e+000  2.3057829e+000  2.9427992e+000  3.0791898e+000  3.1860001e+000  4.1378341e+000  4.5159782e+000  2.6841854e+000  4.6879127e+000
  2.0000000e+000  1.8004130e+000  3.9137693e+000  2.4982695e+000  2.2632624e+000  2.6715922e+000  3.6045923e+000  4.2372062e+000  3.3104670e+000  2.6959377e+000  3.7102999e+000
  1.0000000e+000  3.4150189e+000  2.9183676e+000  5.6474641e+000  2.3776987e+000  4.3432696e+000  3.3019099e+000  2.6210520e+000  3.0330918e+000  3.5612602e+000  3.7593365e+000
  2.0000000e+000  1.8721282e+000  2.7169298e+000  2.0941959e+000  2.4608298e+000  3.4859465e+000  1.9566758e+000  1.5006791e+000  3.3321919e+000  2.2093472e+000  3.1779398e+000
  1.0000000e+000  3.4056866e+000  2.5210549e+000  2.6592907e+000  3.0875973e+000  2.2008143e+000  3.0386805e+000  1.6353297e+000  3.7225856e+000  3.6264842e+000  3.3424473e+000
  2.0000000e+000  3.2332720e+000  3.9562500e+000  2.0212916e+000  4.3950853e+000  2.9901252e+000  4.3218267e+000  1.6738211e+000  2.5891786e+000  1.8192610e+000  3.0822350e+000
  2.0000000e+000  4.5260301e+000  5.3751692e+000  3.3110595e+000  2.0795965e+000  2.0194087e+000  3.2194000e+000  1.9969462e+000  2.9180478e+000  3.6863949e+000  3.5630193e+000
  2.0000000e+000  2.3985940e+000  4.3148257e+000  1.8585973e+000  3.9486110e+000  2.7486828e+000  2.7034935e+000  2.7571208e+000  2.5535590e+000  2.4199724e+000  1.6397945e+000
  1.0000000e+000  3.1699204e+000  4.5702597e+000  3.4030856e+000  2.2155611e+000  4.3365882e+000  2.4053316e+000  2.6944401e+000  4.1772601e+000  3.7462906e+000  2.6414971e+000
  2.0000000e+000  3.9207122e+000  1.6791378e+000  3.8134628e+000  3.0591991e+000  2.9133135e+000  2.4289464e+000  2.7356800e+000  3.6527342e+000  2.4714591e+000  3.3559777e+000
  2.0000000e+000  3.7635127e+000  1.3236914e+000  2.4902563e+000  3.9893341e+000  3.6349465e+000  3.3203612e+000  4.1144833e+000  4.1108461e+000  2.9889110e+000  2.6418960e+000
  2.0000000e+000  2.9320068e+000  3.7097234e+000  1.3056372e+000  2.5717249e+000  4.1389826e+000  2.2183731e+000  3.4676675e+000  2.3164116e+000  2.1257108e+000  3.6633594e+000
  2.0000000e+000  3.3341045e+000  4.5535607e+000  3.5015440e+000  4.2663261e+000  3.4623162e+000  3.3395038e+000  3.4149935e+000  2.1665781e+000  2.1546642e+000  3.2202030e+000
  2.0000000e+000  4.0219276e+000  2.3400125e+000  3.8396554e+000  3.4672023e+000  1.5132284e+000  1.9549191e+000  2.4943074e+000  3.0927626e+000  4.4919501e+000  3.5781914e+000
  2.0000000e+000  2.1133486e+000  3.7975605e-001  3.2230690e+000  2.5143257e+000  3.0588421e+000  2.7938341e+000  4.1978894e+000  3.4211377e+000  2.7701412e+000  1.8563863e+000
  2.0000000e+000  4.2787843e+000  2.7029551e+000  2.2606216e+000  4.4000664e+000  5.9041489e+000  4.0468008e+000  2.1923214e+000  3.4091758e+000  2.5317367e+000  2.4061012e+000
  2.0000000e+000  3.4383903e+000  3.1631911e+000  3.2490296e+000  3.5080490e+000  2.4261884e+000  3.7108477e+000  4.0774972e+000  4.6385495e+000  4.5348601e+000  3.1643727e+000
  2.0000000e+000  1.9414069e+000  3.0301087e+000  1.0623153e+000  2.6729181e+000  2.5812628e+000  3.2508566e+000  2.9298819e+000  3.1152363e+000  2.1778871e+000  3.7964783e+000
  2.0000000e+000  3.5859572e+000  2.6407945e+000  2.7902699e+000  3.6229634e+000  2.5978303e+000  3.3796570e+000  3.6912408e+000  1.9498848e+000  2.4836425e+000  2.8973648e+000
  2.0000000e+000  2.5975244e+000  3.8729322e+000  3.5673380e+000  2.3286145e+000  3.0973538e+000  2.9877671e+000  2.3588007e+000  5.2265513e+000  4.0477661e+000  2.8383272e+000
  2.0000000e+000  2.1425524e+000  3.4549679e+000  2.9431157e+000  2.1891288e+000  2.0815896e+000  2.8570918e+000  2.0473001e+000  3.4989003e+000  2.5706612e+000  3.9870842e+000
  2.0000000e+000  3.3423100e+000  4.5634017e+000  1.6508509e+000  3.4098607e+000  3.2249859e+000  2.8810167e+000  1.2786851e+000  1.1863397e+000  2.5025233e+000  4.2805049e+000
  2.0000000e+000  3.3513195e+000  2.0367818e+000  3.1643947e+000  3.2362899e+000  4.0203330e+000  4.8916851e+000  3.0840897e+000  1.6716641e+000  5.2428690e+000  2.6935902e+000
  1.0000000e+000  2.0023539e+000  4.2594773e+000  1.0452240e+000  2.8327682e+000  4.2616079e+000  3.7608793e+000  2.2382115e+000  2.3169689e+000  3.2953283e+000  2.4102348e+000
  1.0000000e+000  4.5822854e-001  2.2537519e+000  1.9253703e+000  3.6247604e+000  2.2374103e+000  3.4325891e+000  2.8392360e+000  1.4429450e+000  3.1737468e+000  3.8584593e+000
  2.0000000e+000  3.4289011e+000  2.2408330e+000  4.1347800e+000  3.0976883e+000  4.1810089e+000  2.5601567e+000  3.3797857e+000  1.1363684e+000  4.0552756e+000  2.8277301e+000
  1.0000000e+000  4.1547378e+000  4.6964909e+000  4.5499027e+000  2.8989739e+000  2.9761317e+000  2.3116077e+000  2.3654176e+000  2.1912634e+000  3.3281451e+000  3.6882144e+000
  2.0000000e+000  3.3462623e+000  1.7428644e+000  3.4129349e+000  3.4834899e+000  2.0526601e+000  4.1128670e+000  2.6162224e+000  1.6493538e+000  1.1154107e+000  4.1851084e+000
  2.0000000e+000  2.2258251e+000  4.2139062e+000  2.8765756e+000  1.3581314e+000  4.8425331e+000  3.0531220e+000  1.3939757e+000  2.8108885e+000  2.1123404e+000  4.1682409e+000
  1.0000000e+000  3.5341533e+000  2.7852362e+000  2.6954833e+000  3.0133461e+000  1.5754773e+000  3.7034615e+000  3.0073734e+000  3.9747661e+000  3.3238904e+000  2.4831356e+000
  2.0000000e+000  2.5462221e+000  2.8404560e+000  3.6348072e+000  3.9419030e+000  2.8867515e+000  3.9071379e+000  4.6116878e+000  3.3354874e+000  1.6936774e+000  2.5373150e+000
  2.0000000e+000  2.5742466e+000  3.2138718e+000  2.2782587e+000  3.8354086e+000  3.6047986e+000  3.0206714e+000  2.9946572e+000  3.9358449e+000  2.8893080e+000  1.3464173e+000
  2.0000000e+000  4.5256966e+000  2.1381437e+000  1.1794246e+000  3.9475958e+000  2.9650723e+000  3.3701734e+000  2.9938001e+000  2.1820708e+000  2.5849892e+000  3.0720808e+000
  2.0000000e+000  4.7712940e+000  2.3415211e+000  3.1685969e+000  1.8406653e+000  3.6959418e+000  1.7161507e+000  3.4940668e+000  1.7470969e+000  1.7328710e+000  2.8075965e+000
  1.0000000e+000  2.4471447e+000  4.8322567e+000  3.6908601e+000  3.1040413e+000  2.5092127e+000  2.2001639e+000  3.2270950e+000  3.5606071e+000  3.3122936e+000  3.9499036e+000
  2.0000000e+000  4.5971910e+000  2.7885018e+000  2.8058714e+000  4.4220519e+000  2.9516897e+000  3.0489055e+000  3.4384431e+000  4.1282787e+000  2.4763879e+000  5.0121122e+000
  2.0000000e+000  3.1644538e+000  4.0844040e+000  2.9444390e+000  3.4900673e+000  3.5832939e+000  2.5887666e+000  1.6248719e+000  2.0853354e+000  1.8231647e+000  2.6596207e+000
  2.0000000e+000  3.3626399e+000  2.6068336e+000  2.9359915e+000  3.7890044e+000  2.2358695e+000  3.5966576e+000  3.4460252e+000  2.6763922e+000  1.4101234e+000  2.6288952e+000
  2.0000000e+000  2.8550929e+000  2.8883597e+000  2.8988085e+000  2.3364864e+000  2.9824405e+000  3.8811013e+000  3.7678014e+000  2.5034415e+000  2.3730128e+000  2.9994329e+000
  2.0000000e+000  2.3961892e+000  2.4646381e+000  3.9706074e+000  2.2732272e+000  2.2290514e+000  3.2587899e+000  1.5963700e+000  2.0296451e+000  2.4699087e+000  2.0580098e+000
  2.0000000e+000  3.3371708e+000  2.7005799e+000  1.7251907e+000  4.4068719e+000  3.7517099e+000  3.3404965e+000  3.4423203e+000  3.2966844e+000  2.2865427e+000  2.2511194e+000
  1.0000000e+000  2.0082280e+000  3.8021321e+000  1.4580291e+000  2.3835306e+000  4.0718074e+000  3.9093248e+000  1.8123003e+000  2.2105916e+000  3.3009856e+000  2.7263662e+000
  2.0000000e+000  1.9483899e+000  4.0643636e+000  9.8674049e-001  2.6814793e+000  2.5028406e+000  2.3336031e+000  2.1818014e+000  2.7981478e+000  1.4734765e+000  2.5240887e+000
  2.0000000e+000  3.7666420e+000  3.3883543e+000  3.6167283e+000  2.3967006e+000  2.7004601e+000  4.7532741e+000  1.7970298e+000  3.9198245e+000  4.1907896e+000  1.5740585e+000
  2.0000000e+000  1.5031458e+000  4.9573093e+000  4.2131058e+000  4.5662559e+000  2.0765986e+000  2.8028318e+000  1.3198407e+000  2.0093908e+000  2.1731298e+000  4.5433890e+000
  2.0000000e+000  2.4041371e+000  3.3669996e+000  4.1366153e+000  4.2784578e+000  3.3088732e+000  1.4267146e+000  2.1479761e+000  3.1433717e+000  9.2517717e-001 -2.0938138e-001
  2.0000000e+000  3.3860778e+000  2.1567765e+000  3.1894627e+000  2.1874666e+000  2.6850380e+000  2.4424453e+000  2.9014873e+000  3.7703496e+000  4.2783192e+000  2.8312882e+000
  2.0000000e+000  5.1607123e+000  3.2523652e+000  4.9252367e+000  2.4382729e+000  3.7584283e+000  2.1472705e+000  2.2124360e+000  2.0074074e+000  3.9768739e+000  3.4067737e+000
  2.0000000e+000  3.0282247e+000  2.2150106e+000  1.6656167e+000  3.3013014e+000  3.2495732e+000  3.1491458e+000  5.2609128e+000  3.3791169e+000  2.4732924e+000  2.7446213e+000
  2.0000000e+000  1.9687272e+000  3.3413294e+000  3.6057195e+000  2.7937747e+000  2.2907581e+000  1.8862945e+000  3.5858267e+000  4.1524295e+000  3.8212185e+000  1.8568266e+000
  2.0000000e+000  2.6612143e+000  3.7460209e+000  1.4704059e+000  4.0787766e+000  2.8906650e+000  2.7288239e+000  3.1718656e+000  2.0868881e+000  3.3744549e+000  4.3793046e+000
  2.0000000e+000  2.5006646e+000  4.8455661e+000  3.0829655e+000  1.7313506e+000  1.3372852e+000  2.3410106e+000  3.0734305e+000  5.3298511e+000  4.0279387e+000  2.5535188e+000
  2.0000000e+000  2.0560026e+000  3.3511214e+000  2.3423194e+000  2.6096975e+000  2.8897889e+000  6.8007202e-001  4.0251060e+000  4.5448978e+000  2.4417520e+000  1.9904618e+000
  2.0000000e+000  3.0499006e+000  2.3010775e+000  2.4540965e+000  2.5896984e+000  3.9435859e+000  2.6464012e+000  3.2737856e+000  3.4819949e+000  4.8487174e+000  2.5757472e+000
  1.0000000e+000  3.8228650e+000  3.1927507e+000  5.4763948e+000  2.0512703e+000  4.2463941e+000  2.1814706e+000  1.8612008e+000  4.0254719e+000  3.0654613e+000  2.1978244e+000
  2.0000000e+000  3.8974751e+000  4.6766544e+000  3.6717475e+000  4.8413376e+000  2.2981639e+000  3.9589120e+000  3.3904675e+000  2.8094021e+000  3.5501747e+000  1.0606826e+000
  2.0000000e+000  3.9943718e+000  2.8302284e+000  1.6664972e+000  4.2292024e+000  4.5937427e+000  5.2248647e+000  4.1431894e+000  2.6708131e+000  2.2502757e+000  3.4318047e+000
  2.0000000e+000  4.7092834e+000  3.2989160e+000  2.3611507e+000  3.5758189e+000  3.7184437e+000  2.8927150e+000  2.5785528e+000  2.7263755e+000  2.7132844e+000  3.3388069e+000
  2.0000000e+000  3.2712488e+000  2.7406694e+000  3.6906480e+000  2.2006792e+000  2.7047318e+000  3.5886890e+000  2.6861022e+000  1.6282883e+000  2.6725412e+000  2.7270820e+000
  2.0000000e+000  3.2593713e+000  3.0109452e+000  3.6664909e+000  2.0711374e+000  1.3449028e+000  5.9179279e+000  3.4169060e+000  4.5957079e+000  2.7824397e+000  4.6475862e+000
  2.0000000e+000  3.4676034e+000  4.2716359e+000  3.2223469e+000  3.5706400e+000  4.0660143e+000  3.2373392e+000  4.3927678e+000  3.4078900e+000  1.8782259e+000  3.2620437e+000
  2.0000000e+000  2.8394340e+000  2.5826982e+000  3.7037530e+000  3.0158994e+000  3.1895633e+000  2.3402550e+000  3.2979987e+000  4.3126714e+000  2.9090172e+000  1.7516387e+000
  1.0000000e+000  2.6991095e+000  4.3509268e+000  3.1257591e+000  3.2424112e+000  2.4533529e+000  4.4822282e+000  1.6823204e+000  2.9631849e+000  3.4621828e+000  3.6083576e+000
  2.0000000e+000  2.6914393e+000  3.1071797e+000  1.2440298e+000  2.6183387e+000  3.6519513e+000  3.0533692e+000  1.1607151e+000  1.7254827e+000  3.4936958e+000  4.3434906e+000
  2.0000000e+000  5.1281966e+000  3.0076211e+000  4.0707357e+000  2.6172255e+000  3.7451704e+000  4.2996005e+000  2.3791304e+000  2.1875822e+000  5.5181192e+000  2.7935158e+000
  2.0000000e+000  3.8670880e+000  2.2357850e+000  3.1001799e+000  3.3862251e+000  2.3901783e+000  4.4446577e+000  3.4633228e+000  2.0555792e+000  5.0567989e+000  1.1468356e+000
  1.0000000e+000  4.1878409e+000  2.4600640e+000  3.1576180e+000  6.5921360e-001  3.4883141e+000  3.7630531e+000  3.4641519e+000  2.8823261e+000  3.6214327e+000  2.9484245e+000
  2.0000000e+000  3.4024429e+000  2.5257683e+000  2.6486321e+000  4.3090881e+000  2.3896675e+000  2.3006372e+000  1.7869176e+000  2.6671203e+000  4.8647104e+000  3.3353761e+000
  2.0000000e+000  2.5358615e-001  3.7849059e+000  2.6259664e+000  2.8099329e+000  2.2800556e+000  3.1907026e+000  4.9743621e+000  1.1363053e+000  2.9854549e+000  2.4084857e+000
  2.0000000e+000  2.7240876e+000  2.6409039e+000  3.2145876e+000  2.3409815e+000  4.3500742e+000  3.0628839e+000  2.2701853e+000  5.1089967e+000  2.4380520e+000  3.0974006e+000
  1.0000000e+000  3.8958245e+000  4.7768253e+000  2.3347889e+000  2.1497349e+000  3.0470334e+000  2.5179761e+000  2.1613925e+000  2.1832702e+000  3.7428704e+000  2.7993831e+000
  2.0000000e+000  4.2651135e+000  2.3559921e+000  1.0116311e+000  2.7467535e+000  3.7543392e+000 -2.1161008e-001  3.1913884e+000  2.7146229e+000  4.0161195e+000  5.0808997e+000
  1.0000000e+000  1.7571899e+000  2.3997290e+000  1.7059381e+000  9.8860902e-001  3.5050820e+000  3.9955399e+000  1.4840658e+000  1.6201089e+000  3.4147426e+000  3.1085551e+000
  2.0000000e+000  3.7689049e+000  2.9452902e+000  4.0078352e+000  3.3783481e+000  2.7511710e+000  2.8460082e+000  6.1515550e+000  3.5036564e+000  1.2472194e+000  9.5242564e-001
  2.0000000e+000  3.5253572e+000  3.3024262e+000  2.8298755e+000  1.3015552e+000  3.0695544e+000  2.5390289e+000  3.3817337e+000  3.3156295e+000  9.1281337e-001  1.0569531e+000
  2.0000000e+000  4.3030994e+000  4.0755997e+000  2.3621172e+000  3.9415988e+000  3.6324624e+000  3.9763588e+000  5.7681392e+000  4.2768268e+000  3.6040269e+000  4.6521309e+000
  1.0000000e+000  2.8762664e+000  3.4526419e+000  2.9360130e+000  3.0718297e+000  1.6637994e+000  2.9594349e+000  2.2608058e+000  3.2513904e+000  3.6603719e+000  2.7434285e+000
  2.0000000e+000  3.0304968e+000  3.5568843e+000  2.1865133e+000  3.5511638e+000  2.7113166e+000  2.8138461e+000  3.7967708e+000  2.4820882e+000  1.7247342e+000  1.2650974e+000
  2.0000000e+000  2.7724519e+000  3.0774842e-001  2.5288196e+000  4.0746079e+000  3.8280207e+000  3.0776289e+000  1.4075618e+000  4.4224933e+000  2.8817331e+000  2.6591562e+000
  1.0000000e+000  3.1936117e+000  1.1856737e+000  2.9739090e+000  4.4484031e+000  2.7319496e+000  2.6651730e+000  2.0708486e+000  3.6421679e+000  3.4009126e+000  3.1994080e+000
  2.0000000e+000  1.0779014e+000  2.2940254e+000  2.6997395e+000  1.9888908e+000  3.0024910e+000  8.6657326e-001  4.3626245e+000  2.1691883e+000  3.8271774e+000  2.4024518e+000
  1.0000000e+000  5.9657258e+000  4.8896407e+000  3.8849412e+000  2.6712776e+000  1.8655647e+000  1.9708269e+000  2.2210957e+000  4.3418158e+000  3.0577627e+000  2.5724556e+000
  2.0000000e+000  3.4710269e+000  2.6627448e+000  3.5807982e+000  3.5381012e+000  1.6759593e+000  5.1040760e+000  3.2295230e+000  2.3291829e+000  2.5456042e+000  2.8020966e+000
  1.0000000e+000  4.2493120e+000  2.9463415e+000  2.6118788e+000  2.4825589e+000  3.1943703e+000  2.4733868e+000  2.8089015e+000  2.9907610e+000  3.0774734e+000  3.1210785e+000
